Merralee
41 11 115 11 59
19 48
Maia
22 17 65 12 15
93 78
Tonye
42 13 59 13 55
47 80
Larissa
83 8 65 19 46
86 73
Winifred
81 14 85 12 55
16 45
Gael
50 9 74 18 18
33 72
Belvia
58 18 61 10 41
68 21
Libbie
36 20 89 2 41
48 97
Carlen
87 13 43 8 54
15 21
Calley
75 15 57 17 15
94 33
Myra
89 13 52 11 18
87 16
Kirstin
41 10 66 10 22
66 77
Gena
40 10 89 18 52
69 42
Edy
23 16 120 16 50
77 82
Darla
19 15 30 21 6
18 82
Jacquetta
18 11 51 17 43
30 2
Aida
84 15 67 0 30
62 28
Lyda
76 18 91 8 30
76 27
Nancy
61 12 47 22 26
31 3
Alika
40 11 51 5 49
38 38