Lane
69 5 35 5 31
69 98
Cornelia
57 7 34 2 45
19 10
Katina
35 4 76 17 50
59 64
Charis
74 8 92 21 2
44 21
Tandy
35 4 93 13 7
32 36
Adel
66 7 53 2 20
13 97
Florencia
86 4 109 15 29
57 14
Leeann
90 7 80 20 16
24 57
Veriee
67 7 95 18 23
10 15
Colette
51 2 77 16 37
50 58
Reiko
60 8 46 18 41
50 2
Trescha
77 7 112 23 18
16 25
Sonia
42 2 84 2 8
55 4
Joscelin
44 5 36 19 1
5 42
Darsie
68 8 39 21 43
6 41
Cinnamon
19 1 62 16 9
36 94
Martelle
69 8 37 3 48
88 60
Marcie
75 4 65 7 51
98 16
Willi
72 4 102 6 31
72 84
Jenny
52 4 104 23 4
23 34
Abbye
64 7 52 22 38
28 96
Stafani
55 3 50 10 41
74 93
Jacqueline
61 3 60 13 14
31 10
Abbe
81 8 40 2 24
58 61
Marjie
71 1 98 6 56
83 69
Floris
81 5 96 15 50
64 70
Merrily
20 2 43 7 20
78 25
Winnie
75 2 80 0 37
16 87
Laurena
31 1 103 8 24
1 28
Annecorinne
83 2 57 19 9
70 94
Vivi
40 4 95 19 29
2 96
Jami
67 6 103 18 37
33 93
Danielle
21 3 32 21 8
85 21
Constantia
80 7 101 10 55
73 73
Elysia
82 7 62 9 53
16 70
Jessalyn
39 3 92 19 37
41 0
Hyacinthie
53 7 64 6 1
40 4
Emogene
52 5 101 8 10
15 87
Rosalie
21 6 65 23 7
3 67
Ronny
55 3 115 3 42
1 97
Rikki
23 6 69 3 12
94 27
Alessandra
81 2 51 22 34
64 77
Gabbie
25 7 63 16 24
6 38
Sibella
89 1 55 8 6
54 68
Catie
25 7 81 2 46
38 14
Anet
72 5 91 16 28
74 9
Kendre
77 4 65 10 31
9 4
Teresa
87 3 95 13 23
92 91
Anissa
21 8 93 10 34
69 24
Dinah
72 3 97 3 2
91 22
Cris
84 4 100 18 4
71 64
Leelah
41 5 118 1 43
96 68
Mollee
81 6 60 10 17
47 28
Miguela
85 2 119 9 11
70 23
Cesya
32 6 38 21 0
43 40
Aloisia
80 4 75 5 30
42 63
Jesse
20 1 111 11 30
20 76
Dorita
37 6 117 15 11
51 62
Janean
60 3 38 15 23
71 33
Nedi
73 4 76 10 17
64 95
